1,9,9,0,0,0,0,127,0,0,243,0,0,386,0,0,506,0,0,669,0,0,774,0,0,862,0,0,967,0
2,9,9,0,1,0,0,128,0,0,244,0,0,387,0,0,507,0,0,670,0,0,775,0,0,863,0,0,968,0
3,9,9,0,2,0,0,129,0,0,245,0,0,388,0,0,508,0,0,671,0,0,776,0,0,864,0,0,969,0
4,9,9,0,3,0,0,130,0,0,246,0,0,389,0,0,509,0,0,672,0,0,777,0,0,865,0,0,970,0
5,9,9,-,4,0,-,131,0,-,247,0,-,390,0,-,510,0,-,673,0,-,778,0,-,866,0,-,971,0
6,9,9,0,5,0,0,132,0,0,248,0,0,391,0,0,511,0,0,674,0,0,779,0,0,867,0,0,972,0
12,1,1,0,367,0
13,1,1,0,368,0
14,1,1,0,369,0
15,1,1,0,370,0
16,1,1,-,371,0
17,1,1,-,372,0
18,1,1,0,373,0
19,1,1,-,374,0
20,1,1,-,375,0
21,1,1,0,376,0
22,1,1,0,377,0
23,1,1,1,378,0
24,1,1,-,379,0
25,1,1,-,380,0
26,1,1,0,381,0
27,1,1,0,382,0
33,1,1,-,249,0
34,1,1,0,250,0
35,1,1,0,251,0
36,1,1,0,252,0
37,1,1,0,282,0
38,1,1,-,283,0
39,1,1,-,284,0
40,1,1,0,285,0
41,1,1,-,286,0
42,1,1,0,287,0
43,1,1,1.0,288,0
44,1,1,-,289,0
45,1,1,-,290,0
46,1,1,-,291,0
47,1,1,0,344,0
48,1,1,0,345,0
49,1,1,-,346,0
50,1,1,-,347,0
51,1,1,-,353,0
52,1,1,0,354,0
53,1,1,1.0,355,0
54,1,1,-,356,0
55,1,1,0,357,0
56,1,1,-,358,0
57,1,1,-,359,0
58,1,1,0,360,0
59,1,1,0,361,0
60,1,1,-,362,0
61,1,1,-,363,0
62,1,1,0,364,0
63,1,1,0,365,0
64,1,1,0,366,0
65,1,1,0,383,0
66,1,1,0,384,0
67,1,1,0,385,0
73,1,1,-,392,0
74,1,1,0,393,0
75,1,1,0,394,0
76,1,1,0,395,0
77,1,1,0,425,0
78,1,1,-,426,0
79,1,1,-,427,0
80,1,1,0,428,0
81,1,1,-,429,0
82,1,1,0,430,0
83,1,1,0.0,431,0
84,1,1,-,432,0
85,1,1,-,433,0
86,1,1,-,434,0
87,1,1,0,487,0
88,1,1,0,488,0
89,1,1,-,489,0
90,1,1,-,490,0
91,1,1,-,496,0
92,1,1,0,497,0
93,1,1,0.0,498,0
94,1,1,-,499,0
95,1,1,0,500,0
96,1,1,-,501,0
97,1,1,-,502,0
98,1,1,0,503,0
99,1,1,0,504,0
100,1,1,0,505,0
106,1,1,-,868,0
107,1,1,0,869,0
108,1,1,0,870,0
109,1,1,0,871,0
110,1,1,0,901,0
111,1,1,-,902,0
112,1,1,-,903,0
113,1,1,0,904,0
114,1,1,-,905,0
115,1,1,0,906,0
116,1,1,1.0,907,0
117,1,1,-,908,0
118,1,1,-,909,0
119,1,1,-,910,0
120,1,1,0,948,0
121,1,1,0,949,0
122,1,1,-,950,0
123,1,1,-,951,0
124,1,1,-,957,0
125,1,1,0,958,0
126,1,1,-1.0,959,0
127,1,1,-,960,0
128,1,1,0,961,0
129,1,1,-,962,0
130,1,1,-,963,0
131,1,1,0,964,0
132,1,1,0,965,0
133,1,1,0,966,0
139,1,1,-,973,0
140,1,1,0,974,0
141,1,1,0,975,0
142,1,1,0,976,0
143,1,1,0,1006,0
144,1,1,-,1007,0
145,1,1,-,1008,0
146,1,1,0,1009,0
147,1,1,-,1010,0
148,1,1,-,1011,0
149,1,1,-,1012,0
150,1,1,0,1036,0
151,1,1,0,1037,0
152,1,1,-,1038,0
153,1,1,-,1039,0
154,1,1,-,1045,0
155,1,1,0,1046,0
156,1,1,0.0,1047,0
157,1,1,-,1048,0
158,1,1,0,1049,0
159,1,1,-,1050,0
160,1,1,-,1051,0
161,1,1,0,1052,0
162,1,1,0,1053,0
163,1,1,0,1054,0
169,1,1,-,675,0
170,1,1,0,676,0
171,1,1,0,677,0
172,1,1,0,678,0
173,1,1,0,708,0
174,1,1,-,709,0
175,1,1,-,710,0
176,1,1,0,711,0
177,1,1,-,712,0
178,1,1,0,713,0
179,1,1,1.0,714,0
180,1,1,-,715,0
181,1,1,-,716,0
182,1,1,-,717,0
183,1,1,0,755,0
184,1,1,0,756,0
185,1,1,-,757,0
186,1,1,-,758,0
187,1,1,-,764,0
188,1,1,0,765,0
189,1,1,0.0,766,0
190,1,1,-,767,0
191,1,1,0,768,0
192,1,1,-,769,0
193,1,1,-,770,0
194,1,1,0,771,0
195,1,1,0,772,0
196,1,1,0,773,0
202,1,1,-,780,0
203,1,1,0,781,0
204,1,1,0,782,0
205,1,1,0,783,0
206,1,1,0,813,0
207,1,1,-,814,0
208,1,1,-,815,0
209,1,1,0,816,0
210,1,1,-,817,0
211,1,1,-,818,0
212,1,1,-,819,0
213,1,1,0,843,0
214,1,1,0,844,0
215,1,1,-,845,0
216,1,1,-,846,0
217,1,1,-,852,0
218,1,1,0,853,0
219,1,1,0.0,854,0
220,1,1,-,855,0
221,1,1,0,856,0
222,1,1,-,857,0
223,1,1,-,858,0
224,1,1,0,859,0
225,1,1,0,860,0
226,1,1,0,861,0
232,1,1,-,6,0
233,1,1,0,7,0
234,1,1,0,8,0
235,1,1,0,9,0
236,1,1,0,70,0
237,1,1,-,71,0
238,1,1,-,72,0
239,1,1,0,73,0
240,1,1,-,74,0
241,1,1,0,75,0
242,1,1,3,76,0
243,1,1,-,77,0
244,1,1,-,78,0
245,1,1,-,79,0
246,1,1,-,114,0
247,1,1,-,115,0
248,1,1,0,116,0
249,1,1,-,117,0
250,1,1,0,118,0
251,1,1,4,119,0
252,1,1,-,120,0
253,1,1,0,121,0
254,1,1,-,122,0
255,1,1,-,123,0
256,1,1,0,124,0
257,1,1,0,125,0
258,1,1,0,126,0
264,1,1,-,133,0
265,1,1,0,134,0
266,1,1,0,135,0
267,1,1,0,136,0
268,1,1,0,166,0
269,1,1,-,167,0
270,1,1,-,168,0
271,1,1,0,169,0
272,1,1,0,170,0
273,1,1,0,171,0
274,1,1,0,172,0
275,1,1,-,173,0
276,1,1,-,174,0
277,1,1,0,175,0
278,1,1,-,176,0
279,1,1,0,177,0
280,1,1,1,178,0
281,1,1,-,179,0
282,1,1,-,180,0
283,1,1,-,181,0
284,1,1,true,182,0
285,1,1,0,183,0
286,1,1,-,184,0
287,1,1,0,185,0
288,1,1,2,186,0
289,1,1,-,187,0
290,1,1,-,188,0
291,1,1,-,189,0
292,1,1,true,190,0
293,1,1,0,191,0
294,1,1,-,192,0
295,1,1,-,193,0
296,1,1,-,194,0
297,1,1,-,195,0
298,1,1,-,230,0
299,1,1,-,231,0
300,1,1,0,232,0
301,1,1,-,233,0
302,1,1,0,234,0
303,1,1,2,235,0
304,1,1,-,236,0
305,1,1,0,237,0
306,1,1,-,238,0
307,1,1,-,239,0
308,1,1,0,240,0
309,1,1,0,241,0
310,1,1,0,242,0
357,1,1,-,512,0
358,1,1,0,513,0
359,1,1,0,514,0
360,1,1,0,515,0
361,1,1,0,545,0
362,1,1,-,546,0
363,1,1,-,547,0
364,1,1,0,548,0
365,1,1,-,549,0
366,1,1,0,550,0
367,1,1,2.0,551,0
368,1,1,-,552,0
369,1,1,-,553,0
370,1,1,-,554,0
371,1,1,0,607,0
372,1,1,0,608,0
373,1,1,-,609,0
374,1,1,0,610,0
375,1,1,0.0,611,0
376,1,1,-,612,0
377,1,1,-,613,0
378,1,1,-,614,0
379,1,1,0,639,0
380,1,1,0,640,0
381,1,1,-,641,0
382,1,1,-,642,0
383,1,1,-,648,0
384,1,1,0,649,0
385,1,1,1.0,650,0
386,1,1,-,651,0
387,1,1,0,652,0
388,1,1,-,653,0
389,1,1,-,654,0
390,1,1,0,655,0
391,1,1,0,656,0
392,1,1,0,657,0
393,1,1,0,666,0
394,1,1,0,667,0
395,1,1,0,668,0
401,2,2,0,1073,0,0,1105,0
402,2,2,0,1074,0,0,1106,0
403,2,2,0,1075,0,0,1107,0
404,2,2,0,1076,0,0,1108,0
405,2,2,-,1077,0,-,1109,0
406,2,2,0,1078,0,0,1110,0
407,2,2,0,1079,0,0,1111,0
413,1,1,0,1055,0
414,1,1,0,1056,0
415,1,1,-,1057,0
416,1,1,-,1058,0
417,1,1,-,1059,0
418,1,1,-,1060,0
419,1,1,0,1061,0
420,1,1,0,1062,0
421,1,1,0,1063,0
426,1,1,0,1064,0
427,1,1,0,1065,0
428,1,1,-,1066,0
429,1,1,-,1067,0
430,1,1,-,1068,0
431,1,1,-,1069,0
432,1,1,0,1070,0
433,1,1,0,1071,0
434,1,1,0,1072,0
439,1,1,0,1341,0
440,1,1,0,1342,0
441,1,1,-,1343,0
442,1,1,-,1344,0
443,1,1,-,1345,0
444,1,1,-,1346,0
445,1,1,0,1347,0
446,1,1,0,1348,0
447,1,1,0,1349,0
452,2,2,-,1096,0,-,1332,0
453,2,2,0,1097,0,0,1333,0
454,2,2,-,1098,0,-,1334,0
455,2,2,-,1099,0,-,1335,0
456,2,2,-,1100,0,-,1336,0
457,2,2,-,1101,0,-,1337,0
458,2,2,0,1102,0,0,1338,0
459,2,2,0,1103,0,0,1339,0
460,2,2,0,1104,0,0,1340,0
466,1,1,-,1080,0
467,1,1,0,1081,0
468,1,1,-,1082,0
469,1,1,0,1083,0
470,1,1,0,1093,0
471,1,1,0,1094,0
472,1,1,0,1095,0
478,1,1,-,1112,0
479,1,1,0,1113,0
480,1,1,0,1114,0
481,1,1,0,1115,0
482,1,1,0,1145,0
483,1,1,-,1146,0
484,1,1,-,1147,0
485,1,1,0,1148,0
486,1,1,-,1149,0
487,1,1,-,1150,0
488,1,1,1,1151,0
489,1,1,0,1156,0
490,1,1,0,1157,0
491,1,1,-,1158,0
492,1,1,0,1159,0
493,1,1,1.0,1160,0
494,1,1,-,1161,0
495,1,1,-,1162,0
496,1,1,1,1163,0
497,1,1,1.0,1164,0
498,1,1,-,1165,0
499,1,1,0,1172,0
500,1,1,0,1173,0
501,1,1,-,1174,0
502,1,1,-,1175,0
503,1,1,1.0,1176,0
504,1,1,0,1181,0
505,1,1,0,1182,0
506,1,1,-,1183,0
507,1,1,-,1184,0
508,1,1,1.0,1185,0
509,1,1,0,1190,0
510,1,1,0,1191,0
511,1,1,-,1192,0
512,1,1,-,1193,0
513,1,1,false,1194,0
514,1,1,0,1199,0
515,1,1,0,1200,0
516,1,1,-,1201,0
517,1,1,-,1202,0
518,1,1,1,1203,0
519,1,1,0,1208,0
520,1,1,0,1209,0
521,1,1,-,1210,0
522,1,1,-,1211,0
523,1,1,1,1212,0
524,1,1,0,1217,0
525,1,1,0,1218,0
526,1,1,-,1219,0
527,1,1,-,1220,0
528,1,1,-,1221,0
529,1,1,-,1222,0
530,1,1,-,1223,0
531,1,1,0,1224,0
532,1,1,97,1225,0
533,1,1,-,1226,0
534,1,1,97,1227,0
535,1,1,0,1232,0
536,1,1,0,1233,0
537,1,1,-,1234,0
538,1,1,-,1235,0
539,1,1,49,1236,0
540,1,1,0,1241,0
541,1,1,0,1242,0
542,1,1,-,1243,0
543,1,1,-,1244,0
544,1,1,-,1245,0
545,1,1,-,1246,0
546,1,1,-,1247,0
547,1,1,-,1248,0
548,1,1,0,1253,0
549,1,1,0,1254,0
550,1,1,-,1255,0
551,1,1,2,1256,0
552,1,1,-,1257,0
553,1,1,-,1258,0
554,1,1,-,1259,0
555,1,1,0,1264,0
556,1,1,0,1265,0
557,1,1,-,1266,0
558,1,1,2,1267,0
559,1,1,-,1268,0
560,1,1,-,1269,0
561,1,1,-,1270,0
562,1,1,0,1275,0
563,1,1,0,1276,0
564,1,1,-,1277,0
565,1,1,-,1278,0
566,1,1,-,1279,0
567,1,1,0,1329,0
568,1,1,0,1330,0
569,1,1,0,1331,0
575,2,2,0,1368,0,0,1400,0
576,2,2,0,1369,0,0,1401,0
577,2,2,0,1370,0,0,1402,0
578,2,2,0,1371,0,0,1403,0
579,2,2,-,1372,0,-,1404,0
580,2,2,0,1373,0,0,1405,0
581,2,2,0,1374,0,0,1406,0
587,1,1,0,1350,0
588,1,1,0,1351,0
589,1,1,-,1352,0
590,1,1,-,1353,0
591,1,1,-,1354,0
592,1,1,-,1355,0
593,1,1,0,1356,0
594,1,1,0,1357,0
595,1,1,0,1358,0
600,1,1,0,1359,0
601,1,1,0,1360,0
602,1,1,-,1361,0
603,1,1,-,1362,0
604,1,1,-,1363,0
605,1,1,-,1364,0
606,1,1,0,1365,0
607,1,1,0,1366,0
608,1,1,0,1367,0
613,1,1,0,1636,0
614,1,1,0,1637,0
615,1,1,-,1638,0
616,1,1,-,1639,0
617,1,1,-,1640,0
618,1,1,-,1641,0
619,1,1,0,1642,0
620,1,1,0,1643,0
621,1,1,0,1644,0
626,2,2,-,1391,0,-,1627,0
627,2,2,0,1392,0,0,1628,0
628,2,2,-,1393,0,-,1629,0
629,2,2,-,1394,0,-,1630,0
630,2,2,-,1395,0,-,1631,0
631,2,2,-,1396,0,-,1632,0
632,2,2,0,1397,0,0,1633,0
633,2,2,0,1398,0,0,1634,0
634,2,2,0,1399,0,0,1635,0
640,1,1,-,1375,0
641,1,1,0,1376,0
642,1,1,-,1377,0
643,1,1,0,1378,0
644,1,1,0,1388,0
645,1,1,0,1389,0
646,1,1,0,1390,0
652,1,1,-,1407,0
653,1,1,0,1408,0
654,1,1,0,1409,0
655,1,1,0,1410,0
656,1,1,0,1440,0
657,1,1,-,1441,0
658,1,1,-,1442,0
659,1,1,0,1443,0
660,1,1,-,1444,0
661,1,1,-,1445,0
662,1,1,1,1446,0
663,1,1,0,1451,0
664,1,1,0,1452,0
665,1,1,-,1453,0
666,1,1,0,1454,0
667,1,1,1.0,1455,0
668,1,1,-,1456,0
669,1,1,-,1457,0
670,1,1,1,1458,0
671,1,1,1.0,1459,0
672,1,1,-,1460,0
673,1,1,0,1467,0
674,1,1,0,1468,0
675,1,1,-,1469,0
676,1,1,-,1470,0
677,1,1,1.0,1471,0
678,1,1,0,1476,0
679,1,1,0,1477,0
680,1,1,-,1478,0
681,1,1,-,1479,0
682,1,1,1.0,1480,0
683,1,1,0,1485,0
684,1,1,0,1486,0
685,1,1,-,1487,0
686,1,1,-,1488,0
687,1,1,false,1489,0
688,1,1,0,1494,0
689,1,1,0,1495,0
690,1,1,-,1496,0
691,1,1,-,1497,0
692,1,1,1,1498,0
693,1,1,0,1503,0
694,1,1,0,1504,0
695,1,1,-,1505,0
696,1,1,-,1506,0
697,1,1,1,1507,0
698,1,1,0,1512,0
699,1,1,0,1513,0
700,1,1,-,1514,0
701,1,1,-,1515,0
702,1,1,-,1516,0
703,1,1,-,1517,0
704,1,1,-,1518,0
705,1,1,0,1519,0
706,1,1,97,1520,0
707,1,1,-,1521,0
708,1,1,97,1522,0
709,1,1,0,1527,0
710,1,1,0,1528,0
711,1,1,-,1529,0
712,1,1,-,1530,0
713,1,1,49,1531,0
714,1,1,0,1536,0
715,1,1,0,1537,0
716,1,1,-,1538,0
717,1,1,-,1539,0
718,1,1,-,1540,0
719,1,1,-,1541,0
720,1,1,-,1542,0
721,1,1,-,1543,0
722,1,1,0,1548,0
723,1,1,0,1549,0
724,1,1,-,1550,0
725,1,1,2,1551,0
726,1,1,-,1552,0
727,1,1,-,1553,0
728,1,1,-,1554,0
729,1,1,0,1559,0
730,1,1,0,1560,0
731,1,1,-,1561,0
732,1,1,2,1562,0
733,1,1,-,1563,0
734,1,1,-,1564,0
735,1,1,-,1565,0
736,1,1,0,1570,0
737,1,1,0,1571,0
738,1,1,-,1572,0
739,1,1,-,1573,0
740,1,1,-,1574,0
741,1,1,0,1624,0
742,1,1,0,1625,0
743,1,1,0,1626,0
749,11,11,0,10,0,0,137,0,0,253,0,0,396,0,0,516,0,0,679,0,0,784,0,0,872,0,0,977,0,0,1116,0,0,1411,0
750,11,11,0,11,0,0,138,0,0,254,0,0,397,0,0,517,0,0,680,0,0,785,0,0,873,0,0,978,0,0,1117,0,0,1412,0
751,11,11,0,12,0,0,139,0,0,255,0,0,398,0,0,518,0,0,681,0,0,786,0,0,874,0,0,979,0,0,1118,0,0,1413,0
752,11,11,0,13,0,0,140,0,0,256,0,0,399,0,0,519,0,0,682,0,0,787,0,0,875,0,0,980,0,0,1119,0,0,1414,0
753,11,11,-,14,0,-,141,0,-,257,0,-,400,0,-,520,0,-,683,0,-,788,0,-,876,0,-,981,0,-,1120,0,-,1415,0
754,11,11,0,15,0,0,142,0,0,258,0,0,401,0,0,521,0,0,684,0,0,789,0,0,877,0,0,982,0,0,1121,0,0,1416,0
755,11,11,0,16,0,0,143,0,0,259,0,0,402,0,0,522,0,0,685,0,0,790,0,0,878,0,0,983,0,0,1122,0,0,1417,0
756,11,11,0.0,17,0,0.0,144,0,0.0,260,0,0.0,403,0,0.0,523,0,0.0,686,0,0.0,791,0,0.0,879,0,0.0,984,0,0.0,1123,0,0.0,1418,0
757,11,11,-,18,0,-,145,0,-,261,0,-,404,0,-,524,0,-,687,0,-,792,0,-,880,0,-,985,0,-,1124,0,-,1419,0
758,11,11,-,19,0,-,146,0,-,262,0,-,405,0,-,525,0,-,688,0,-,793,0,-,881,0,-,986,0,-,1125,0,-,1420,0
759,11,11,-,20,0,-,147,0,-,263,0,-,406,0,-,526,0,-,689,0,-,794,0,-,882,0,-,987,0,-,1126,0,-,1421,0
760,11,11,0,21,0,0,148,0,0,264,0,0,407,0,0,527,0,0,690,0,0,795,0,0,883,0,0,988,0,0,1127,0,0,1422,0
761,11,11,-,22,0,-,149,0,-,265,0,-,408,0,-,528,0,-,691,0,-,796,0,-,884,0,-,989,0,-,1128,0,-,1423,0
762,11,11,-,23,0,-,150,0,-,266,0,-,409,0,-,529,0,-,692,0,-,797,0,-,885,0,-,990,0,-,1129,0,-,1424,0
763,11,11,0,24,0,0,151,0,0,267,0,0,410,0,0,530,0,0,693,0,0,798,0,0,886,0,0,991,0,0,1130,0,0,1425,0
764,11,11,-,56,0,-,152,0,-,268,0,-,411,0,-,531,0,-,694,0,-,799,0,-,887,0,-,992,0,-,1131,0,-,1426,0
765,11,11,-,57,0,-,153,0,-,269,0,-,412,0,-,532,0,-,695,0,-,800,0,-,888,0,-,993,0,-,1132,0,-,1427,0
766,11,11,0,58,0,0,154,0,0,270,0,0,413,0,0,533,0,0,696,0,0,801,0,0,889,0,0,994,0,0,1133,0,0,1428,0
767,11,11,-,59,0,-,155,0,-,271,0,-,414,0,-,534,0,-,697,0,-,802,0,-,890,0,-,995,0,-,1134,0,-,1429,0
768,11,11,0,60,0,0,156,0,0,272,0,0,415,0,0,535,0,0,698,0,0,803,0,0,891,0,0,996,0,0,1135,0,0,1430,0
769,11,11,-,67,0,-,163,0,-,279,0,-,422,0,-,542,0,-,705,0,-,810,0,-,898,0,-,1003,0,-,1142,0,-,1437,0
770,11,11,0,68,0,0,164,0,0,280,0,0,423,0,0,543,0,0,706,0,0,811,0,0,899,0,0,1004,0,0,1143,0,0,1438,0
771,11,11,0,69,0,0,165,0,0,281,0,0,424,0,0,544,0,0,707,0,0,812,0,0,900,0,0,1005,0,0,1144,0,0,1439,0
777,1,1,-,615,0
778,1,1,-,616,0
779,1,1,0,617,0
780,1,1,-,618,0
781,1,1,-,619,0
784,1,1,782,620,0
785,1,1,-,621,0
786,1,1,-,622,0
787,1,1,-,623,0
788,1,1,2.0,624,0
789,1,1,-,625,0
790,1,1,-,626,0
791,1,1,0.0,627,0
792,1,1,0,628,0
793,1,1,2.0,629,0
794,1,1,0.0,630,0
795,1,1,1.0,631,0
796,1,1,0,632,0
797,1,1,1.0,633,0
798,1,1,-,634,0
799,1,1,-,635,0
800,1,1,-,636,0
801,1,1,0,637,0
802,1,1,0,638,0
818,3,3,-,292,0,-,435,0,-,555,0
819,3,3,-,293,0,-,436,0,-,556,0
820,3,3,0,294,0,0,437,0,0,557,0
821,3,3,0,295,0,0,438,0,0,558,0
822,3,3,0,296,0,0,439,0,0,559,0
823,3,3,0,297,0,0,440,0,0,560,0
824,3,3,-,298,0,-,441,0,-,561,0
825,3,3,-,299,0,-,442,0,-,562,0
826,3,3,1,300,0,0,443,0,2,563,0
827,3,3,1,301,0,0,444,0,2,564,0
828,3,3,0,302,0,0,445,0,0,565,0
829,3,3,-,303,0,-,446,0,-,566,0
830,3,3,-,304,0,-,447,0,-,567,0
831,3,3,-,305,0,-,448,0,-,568,0
832,3,3,-,306,0,-,449,0,-,569,0
833,3,3,-,307,0,-,450,0,-,570,0
834,3,3,0,308,0,0,451,0,0,571,0
835,3,3,0,309,0,0,452,0,0,572,0
836,3,3,-,310,0,-,453,0,-,573,0
837,3,3,-,311,0,-,454,0,-,574,0
838,3,3,-,312,0,-,455,0,-,575,0
839,3,3,-,313,0,-,456,0,-,576,0
840,3,3,-,314,0,-,457,0,-,577,0
841,3,3,-,315,0,-,458,0,-,578,0
842,3,3,false,328,0,false,471,0,false,591,0
846,3,3,843,329,0,843,472,0,843,592,0
847,3,3,-,330,0,-,473,0,-,593,0
848,3,3,-,331,0,-,474,0,-,594,0
849,3,3,-,332,0,-,475,0,-,595,0
850,3,3,0.0,333,0,0.0,476,0,0.0,596,0
851,3,3,-,334,0,-,477,0,-,597,0
852,3,3,-,335,0,-,478,0,-,598,0
853,3,3,1.0,336,0,0.0,479,0,2.0,599,0
854,3,3,0,337,0,0,480,0,0,600,0
855,3,3,1.0,338,0,0.0,481,0,2.0,601,0
856,3,3,-,339,0,-,482,0,-,602,0
857,3,3,-,340,0,-,483,0,-,603,0
858,3,3,-,341,0,-,484,0,-,604,0
859,3,3,0,342,0,0,485,0,0,605,0
860,3,3,0,343,0,0,486,0,0,606,0
866,2,2,-,911,0,-,1013,0
867,2,2,-,912,0,-,1014,0
868,2,2,0,913,0,0,1015,0
869,2,2,-,914,0,-,1016,0
870,2,2,-,915,0,-,1017,0
871,2,2,-,916,0,-,1018,0
872,2,2,-,917,0,-,1019,0
873,2,2,-,918,0,-,1020,0
874,2,2,-,919,0,-,1021,0
875,2,2,false,932,0,true,1033,0
877,1,1,876,1034,0
878,1,1,0,1035,0
879,1,1,876,933,0
880,1,1,-,934,0
881,1,1,-,935,0
882,1,1,-,936,0
883,1,1,0.0,937,0
884,1,1,-,938,0
885,1,1,-,939,0
886,1,1,1.0,940,0
887,1,1,0,941,0
888,1,1,-1.0,942,0
889,1,1,-,943,0
890,1,1,-,944,0
891,1,1,-,945,0
892,1,1,0,946,0
893,1,1,0,947,0
899,2,2,-,718,0,-,820,0
900,2,2,-,719,0,-,821,0
901,2,2,0,720,0,0,822,0
902,2,2,-,721,0,-,823,0
903,2,2,-,722,0,-,824,0
904,2,2,-,723,0,-,825,0
905,2,2,0,724,0,0,826,0
906,2,2,-,725,0,-,827,0
907,2,2,-,726,0,-,828,0
908,2,2,false,739,0,true,840,0
910,1,1,909,841,0
911,1,1,0,842,0
912,1,1,909,740,0
913,1,1,-,741,0
914,1,1,-,742,0
915,1,1,-,743,0
916,1,1,0.0,744,0
917,1,1,-,745,0
918,1,1,-,746,0
919,1,1,1.0,747,0
920,1,1,0,748,0
921,1,1,0.0,749,0
922,1,1,-,750,0
923,1,1,-,751,0
924,1,1,-,752,0
925,1,1,0,753,0
926,1,1,0,754,0
985,2,2,-,1152,0,-,1447,0
986,2,2,1,1153,0,1,1448,0
987,2,2,0,1154,0,0,1449,0
988,2,2,0,1155,0,0,1450,0
994,2,2,-,1166,0,-,1461,0
995,2,2,1,1167,0,1,1462,0
996,2,2,1.0,1168,0,1.0,1463,0
997,2,2,-,1169,0,-,1464,0
998,2,2,0,1170,0,0,1465,0
999,2,2,0,1171,0,0,1466,0
1005,2,2,-,1177,0,-,1472,0
1006,2,2,1.0,1178,0,1.0,1473,0
1007,2,2,0,1179,0,0,1474,0
1008,2,2,0,1180,0,0,1475,0
1014,2,2,-,1186,0,-,1481,0
1015,2,2,1.0,1187,0,1.0,1482,0
1016,2,2,0,1188,0,0,1483,0
1017,2,2,0,1189,0,0,1484,0
1023,2,2,-,1195,0,-,1490,0
1024,2,2,false,1196,0,false,1491,0
1025,2,2,0,1197,0,0,1492,0
1026,2,2,0,1198,0,0,1493,0
1032,2,2,-,1204,0,-,1499,0
1033,2,2,1,1205,0,1,1500,0
1034,2,2,0,1206,0,0,1501,0
1035,2,2,0,1207,0,0,1502,0
1041,2,2,-,1213,0,-,1508,0
1042,2,2,1,1214,0,1,1509,0
1043,2,2,0,1215,0,0,1510,0
1044,2,2,0,1216,0,0,1511,0
1050,2,2,-,1228,0,-,1523,0
1051,2,2,97,1229,0,97,1524,0
1052,2,2,0,1230,0,0,1525,0
1053,2,2,0,1231,0,0,1526,0
1059,2,2,-,1237,0,-,1532,0
1060,2,2,49,1238,0,49,1533,0
1061,2,2,0,1239,0,0,1534,0
1062,2,2,0,1240,0,0,1535,0
1068,2,2,-,1249,0,-,1544,0
1069,2,2,-,1250,0,-,1545,0
1070,2,2,0,1251,0,0,1546,0
1071,2,2,0,1252,0,0,1547,0
1077,2,2,-,1260,0,-,1555,0
1078,2,2,-,1261,0,-,1556,0
1079,2,2,0,1262,0,0,1557,0
1080,2,2,0,1263,0,0,1558,0
1086,2,2,-,1271,0,-,1566,0
1087,2,2,-,1272,0,-,1567,0
1088,2,2,0,1273,0,0,1568,0
1089,2,2,0,1274,0,0,1569,0
1095,2,2,-,1280,0,-,1575,0
1096,2,2,-,1281,0,-,1576,0
1097,2,2,0,1282,0,0,1577,0
1098,2,2,0,1283,0,0,1578,0
1099,2,2,0,1284,0,0,1579,0
1100,2,2,-,1285,0,-,1580,0
1101,2,2,0,1324,0,0,1619,0
1102,2,2,-,1325,0,-,1620,0
1103,2,2,-,1326,0,-,1621,0
1104,2,2,0,1327,0,0,1622,0
1105,2,2,0,1328,0,0,1623,0
1111,7,7,-,348,0,-,491,0,-,643,0,-,759,0,-,847,0,-,952,0,-,1040,0
1112,7,7,0,349,0,0,492,0,0,644,0,0,760,0,0,848,0,0,953,0,0,1041,0
1113,7,7,-,350,0,-,493,0,-,645,0,-,761,0,-,849,0,-,954,0,-,1042,0
1114,7,7,-,351,0,-,494,0,-,646,0,-,762,0,-,850,0,-,955,0,-,1043,0
1115,7,7,-,352,0,-,495,0,-,647,0,-,763,0,-,851,0,-,956,0,-,1044,0
1121,1,1,0,658,0
1122,1,1,0,659,0
1123,1,1,-,660,0
1124,1,1,-,661,0
1125,1,1,1,662,0
1126,1,1,0,663,0
1127,1,1,0,664,0
1128,1,1,0,665,0
1133,5,5,-,316,0,-,459,0,-,579,0,-,920,0,-,1022,0
1134,5,5,-,317,0,-,460,0,-,580,0,-,921,0,-,1023,0
1135,5,5,-,318,0,-,461,0,-,581,0,-,922,0,-,1024,0
1136,5,5,0,319,0,0,462,0,0,582,0,0,923,0,0,1025,0
1137,5,5,-,320,0,-,463,0,-,583,0,-,924,0,-,1026,0
1140,4,4,1138,321,0,1138,464,0,1138,584,0,1138,925,0
1141,5,5,1138,322,0,1138,465,0,1138,585,0,1138,926,0,1139,1027,0
1142,5,5,-,323,0,-,466,0,-,586,0,-,927,0,-,1028,0
1145,5,5,1143,324,0,1143,467,0,1143,587,0,1143,928,0,1143,1029,0
1146,5,5,1143,325,0,1143,468,0,1143,588,0,1143,929,0,1143,1030,0
1148,1,1,1147,1031,0
1149,1,1,true,1032,0
1150,4,4,1147,326,0,1147,469,0,1147,589,0,1147,930,0
1151,4,4,false,327,0,false,470,0,false,590,0,false,931,0
1157,2,2,0,727,0,0,829,0
1158,2,2,-,728,0,-,830,0
1159,2,2,-,729,0,-,831,0
1160,2,2,0,730,0,0,832,0
1161,2,2,-,731,0,-,833,0
1164,1,1,1162,732,0
1165,2,2,1162,733,0,1163,834,0
1166,2,2,-,734,0,-,835,0
1169,2,2,1167,735,0,1167,836,0
1170,2,2,1167,736,0,1167,837,0
1172,1,1,1171,838,0
1173,1,1,true,839,0
1174,1,1,1171,737,0
1175,1,1,false,738,0
1232,1,1,-,80,0
1233,1,1,-,81,0
1234,1,1,0,82,0
1235,1,1,1,87,0
1236,1,1,1,88,0
1237,1,1,0,89,0
1238,1,1,1,90,0
1239,1,1,1,91,0
1240,1,1,0,92,0
1241,1,1,-,93,0
1242,1,1,0,94,0
1243,1,1,-,95,0
1244,1,1,-,109,0
1245,1,1,-,110,0
1246,1,1,0,111,0
1247,1,1,-,112,0
1248,1,1,-,113,0
1254,1,1,-,196,0
1255,1,1,-,197,0
1256,1,1,0,198,0
1257,1,1,-,199,0
1258,1,1,0,200,0
1259,1,1,-,201,0
1260,1,1,-,225,0
1261,1,1,-,226,0
1262,1,1,0,227,0
1263,1,1,-,228,0
1264,1,1,-,229,0
1317,2,2,0,1286,0,0,1581,0
1318,2,2,-,1287,0,-,1582,0
1319,2,2,0,1288,0,0,1583,0
1320,2,2,-,1289,0,-,1584,0
1321,2,2,-,1290,0,-,1585,0
1322,2,2,0,1291,0,0,1586,0
1323,2,2,0,1292,0,0,1587,0
1324,2,2,-,1293,0,-,1588,0
1325,2,2,0,1294,0,0,1589,0
1326,2,2,0,1295,0,0,1590,0
1327,2,2,0,1296,0,0,1591,0
1328,2,2,-,1297,0,-,1592,0
1329,2,2,0,1307,0,0,1602,0
1330,2,2,-,1308,0,-,1603,0
1331,2,2,-,1309,0,-,1604,0
1332,2,2,0,1310,0,0,1605,0
1333,2,2,-,1311,0,-,1606,0
1334,2,2,0,1321,0,0,1616,0
1335,2,2,0,1322,0,0,1617,0
1336,2,2,0,1323,0,0,1618,0
1342,2,2,-,1312,0,-,1607,0
1343,2,2,0,1313,0,0,1608,0
1344,2,2,-,1314,0,-,1609,0
1345,2,2,-,1315,0,-,1610,0
1346,2,2,-,1316,0,-,1611,0
1347,2,2,-,1317,0,-,1612,0
1348,2,2,0,1318,0,0,1613,0
1349,2,2,0,1319,0,0,1614,0
1350,2,2,0,1320,0,0,1615,0
1378,11,11,0,61,0,0,157,0,0,273,0,0,416,0,0,536,0,0,699,0,0,804,0,0,892,0,0,997,0,0,1136,0,0,1431,0
1379,11,11,0,62,0,0,158,0,0,274,0,0,417,0,0,537,0,0,700,0,0,805,0,0,893,0,0,998,0,0,1137,0,0,1432,0
1380,11,11,-,63,0,-,159,0,-,275,0,-,418,0,-,538,0,-,701,0,-,806,0,-,894,0,-,999,0,-,1138,0,-,1433,0
1381,11,11,-,64,0,-,160,0,-,276,0,-,419,0,-,539,0,-,702,0,-,807,0,-,895,0,-,1000,0,-,1139,0,-,1434,0
1382,11,11,-,65,0,-,161,0,-,277,0,-,420,0,-,540,0,-,703,0,-,808,0,-,896,0,-,1001,0,-,1140,0,-,1435,0
1383,11,11,-,66,0,-,162,0,-,278,0,-,421,0,-,541,0,-,704,0,-,809,0,-,897,0,-,1002,0,-,1141,0,-,1436,0
1403,1,1,0,32,0
1404,1,1,-,33,0
1405,1,1,0,34,0
1406,1,1,0,35,0
1407,1,1,-,36,0
1408,1,1,0,37,0
1409,1,1,0,38,0
1410,1,1,-,39,0
1411,1,1,0,40,0
1412,1,1,0,41,0
1413,1,1,-,42,0
1414,1,1,0,43,0
1420,1,1,0,25,0
1421,1,1,0,26,0
1422,1,1,0,27,0
1423,1,1,-,28,0
1424,1,1,0,29,0
1425,1,1,-,30,0
1426,1,1,0,31,0
1427,1,1,0,44,0
1428,1,1,-,45,0
1429,1,1,-,46,0
1430,1,1,0,47,0
1431,1,1,1,48,0
1432,1,1,-,49,0
1433,1,1,-,50,0
1434,1,1,-,51,0
1435,1,1,0,52,0
1436,1,1,-,53,0
1437,1,1,-,54,0
1438,1,1,0,55,0
1454,2,2,0,1084,0,0,1379,0
1455,2,2,0,1085,0,0,1380,0
1456,2,2,-,1086,0,-,1381,0
1457,2,2,-,1087,0,-,1382,0
1458,2,2,-,1088,0,-,1383,0
1459,2,2,-,1089,0,-,1384,0
1460,2,2,0,1090,0,0,1385,0
1461,2,2,0,1091,0,0,1386,0
1462,2,2,0,1092,0,0,1387,0
1467,1,1,0,96,0
1468,1,1,-,97,0
1469,1,1,0,98,0
1470,1,1,-,99,0
1471,1,1,-,100,0
1472,1,1,3,101,0
1473,1,1,0,102,0
1474,1,1,4,103,0
1475,1,1,-,104,0
1476,1,1,-,105,0
1477,1,1,0,106,0
1478,1,1,-,107,0
1479,1,1,-,108,0
1485,1,1,0,202,0
1486,1,1,-,203,0
1487,1,1,0,204,0
1488,1,1,-,205,0
1489,1,1,-,206,0
1490,1,1,2,207,0
1494,1,1,1492,208,0
1495,1,1,0,209,0
1496,1,1,true,210,0
1497,1,1,-,211,0
1498,1,1,-,212,0
1499,1,1,0,213,0
1500,1,1,-,214,0
1501,1,1,-,215,0
1502,1,1,true,216,0
1504,1,1,1503,217,0
1505,1,1,-,218,0
1506,1,1,-,219,0
1507,1,1,2,220,0
1508,1,1,0,221,0
1509,1,1,2,222,0
1510,1,1,-,223,0
1511,1,1,-,224,0
1522,1,1,0,83,0
1523,1,1,0,84,0
1524,1,1,1,85,0
1525,1,1,0,86,0
1530,2,2,0,1298,0,0,1593,0
1531,2,2,-,1299,0,-,1594,0
1532,2,2,0,1300,0,0,1595,0
1533,2,2,-,1301,0,-,1596,0
1534,2,2,-,1302,0,-,1597,0
1535,2,2,0,1303,0,0,1598,0
1536,2,2,0,1304,0,0,1599,0
1537,2,2,-,1305,0,-,1600,0
1538,2,2,0,1306,0,0,1601,0
